Serial Number	Cathode Luminous Sens. (µA/lm)	Anode Luminous Sens. (A/lm)	Anode Dark Current (nA)	Cathode Blue Sens. Index	Supply Voltage 2.105 (V)	Supply Voltage 106 (V)	P/V	T.T.S (ns)	Dark Counts (s-1)
43	105	17.5	2.5	13.48	1300	1770	2.75	2.117	1000
44	110	17.5	8.3	12.9	1270	1750	2.7	2.136	1100
45	119	15.2	3.1	14.44	1360	1890	2.33	1.998	2500
46	124	21.1	1.6	15.62	1300	1760	2.27	2.268	3000
47	153	21.9	1.1	16.37	1330	1840	2.06	2.156	7000
49	136	24.2	0.52	15.72	1280	1740	2.46	2.087	3200
50	104	14.9	0.67	13.2	1330	1830	2.89	2.149	4000
52	96	16.7	0.9	12.7	1290	1750	2.8	2.312	3000
53	146	27.8	1.1	16.69	1260	1720	2.91	2.178	4700
54	116	23.1	0.58	14.76	1250	1710	2.6	2.193	2500
55	144	25.5	1.2	16.26	1280	1750	2.67	2.206	3400
56	129	22.7	0.43	13.91	1280	1750	2.73	2.226	2600
57	117	26.2	1	14.87	1220	1660	2.82	2.214	4200
58	119	25.1	2	14.98	1230	1680	2.82	2.336	2600
60	145	35.2	2.6	16.15	1220	1640	2.83	2.44	4400
61	143	30.2	5.1	16.76	1250	1670	2.83	2.22	6000
63	113	21.4	2.4	14.76	1260	1710	2.8	2.335	3400
64	138	22.2	2.2	16.05	1300	1760	2.38	2.304	5100
67	137	22.5	12	15.4	1300	1750	2.58	2.315	5400
69	123	22.5	2.4	14.98	1270	1720	2.37	2.256	3000
70	124	22.0	2.1	15.51	1280	1730	2.38	2.282	3000
72	126	24.9	1.9	15.51	1250	1690	2.82	2.298	2000
73	131	20.7	2.7	15.19	1310	1780	2.31	2.217	8000
74	133	27.0	4.3	14.87	1250	1690	2.67	2.347	6900
75	101	21.5	0.84	14.12	1250	1670	2.6	2.238	2300
79	127	43.1	4.1	14.5	1140	1540	2.56	2.487	4600
82	127	25.7	4.8	14.6	1250	1700	2.64	2.169	6900
83	125	36.5	3.8	15.1	1170	1570	2.58	2.158	1500
84	143	31.2	2.8	15.4	1230	1670	2.8	2.206	4100
86	116	27.9	1.7	14.8	1210	1630	2.5	2.132	3900
87	128	25.9	3	15.4	1250	1700	3.09	2.082	3700
90	135	19.7	1.9	15.6	1330	1810	2.5	2.086	6700
92	132	26.7	6.7	15.9	1250	1700	2.57	2.283	5500
93	157	33.3	5.5	16.3	1240	1680	2.71	2.246	7100
94	122	20.5	1.4	14.4	1300	1770	3	2.053	1700
95	142	31.1	3.8	15.3	1230	1680	3.42	2.056	4200
96	151	36.6	19	15.8	1210	1630	2.77	2.383	5000
97	135	21.1	0.57	15.4	1310	1800	3.4	2.137	2400
98	124	29.5	1.8	15.4	1210	1650	2.42	2.12	2600
99	156	30.7	1.8	15.9	1240	1680	3.25	2.145	4700
100	133	24.4	1.6	15.2	1270	1730	2.78	2.138	3800
101	123	33.2	2.3	15.1	1190	1600	2.8	2.255	2400
102	152	46.5	2.9	16	1160	1570	2.64	2.264	5800
103	133	26.4	2.2	15.4	1250	1700	2.55	2.201	3900
104	119	20.3	1	14.6	1300	1770	2.78	1.954	2900
105	157	37.8	3.6	15.5	1210	1640	2.85	2.197	3500
106	97	21.9	7.4	13.6	1230	1670	2.67	2.03	3000
107	98	15.4	0.56	13.7	1310	1800	3	2.174	2800
108	116	20.2	0.84	14.6	1290	1760	2.54	2.075	2000
109	118	17.3	0.34	14.8	1320	1820	2.36	2.119	3500
110	119	15.2	0.63	14.9	1350	1870	2.69	2.1	2200
111	138	26.2	1.5	15.7	1270	1720	2.31	2.127	5900
113	118	25.4	1.2	15.2	1230	1680	2.67	1.981	3000
114	111	18	1.2	14.7	1300	1790	2.18	1.917	900
115	102	14.3	0.35	14.3	1330	1830	2.7	2.012	1600
116	119	18.5	1.4	15.2	1310	1800	2.64	2.135	3200
117	125	16.1	1.4	15.3	1350	1880	2.6	2.19	1800
118	98	12.9	9.5	13.6	1300	1790	2.4	1.993	2800
119	95	15.7	0.61	13.9	1300	1790	2.4	1.993	2800
121	125	24.5	0.58	14.4	1250	1720	2.77	2.019	3300
122	123	22	19	14	1280	1730	2.77	2.24	5300
123	142	29.2	1.4	15.9	1250	1690	2.54	2.268	5400
124	102	15.7	0.75	14	1320	1790	2.7	2.056	3000
125	122	22.4	4.8	15.5	1270	1730	2.45	2.413	5600
126	123	21.5	5.1	15.2	1290	1750	2.91	2.221	1800
127	120	26.5	3.9	15.2	1230	1670	2.73	2.285	4400
128	135	35.1	12	15.7	1190	1610	3	2.271	3200
129	146	27.6	5	15.9	1260	1720	2.64	2.032	3000
130	89	13.7	0.38	13.8	1310	1800	2.67	2.102	2700
131	123	27.6	1.2	15.1	1230	1670	2.8	2.218	5100
132	118	20.9	1.6	14.7	1280	1750	2.36	2.075	2400
133	85	14	3.3	13.4	1300	1790	2.44	2.031	1500
134	96	17.8	0.44	14	1270	1720	2.44	2.149	4400
135	126	20.7	0.49	15.3	1300	1800	2.17	2.142	5300
140	93	13.4	12	14.1	1320	1760	2.45	2.091	2800
141	100	16.8	12	14.2	1290	1790	2.31	2.282	4600
143	115	18.9	0.37	15.1	1300	1780	2.42	2.21	4000
144	136	25.9	1.5	15.3	1260	1720	2.27	2.222	7600
146	93	15.9	0.34	13.7	1290	1790	2.4	2.18	2200
147	95	15.9	0.95	13.9	1300	1780	2.67	2.162	1800
149	114	21.8	0.78	15.3	1260	1720	2.58	2.1	4600
150	95	13.8	0.62	14.1	1330	1820	2.73	2.002	3400
151	88	13.8	6.3	13.9	1310	1800	2.27	2.4	1400
152	93	12.2	3.5	13.7	1350	1830	2.64	2.034	2500
153	115	14.5	7.6	14.9	1360	1890	2.38	2.086	2800
154	106	17.3	3	14.2	1300	1780	3	2.272	4000
155	123	29.5	3	15.7	1210	1640	2.73	2.326	4200
156	159	25.6	1.1	17.3	1300	1800	2.5	2.145	8000
158	108	17.9	0.33	14.9	1300	1780	2.56	2.128	2800
159	129	31.6	1.3	14.8	1200	1650	2.36	2.344	3200
163	82	8.7	0.89	13.2	1410	1970	2.5	2.225	1600
164	111	20.2	1.4	15	1270	1730	2.3	2.251	3600
165	144	34.6	3.2	16	1210	1650	2.14	2.392	7800
166	108	17.1	0.8	14.3	1300	1800	2.2	2.238	4000
167	105	21.5	1.3	14.5	1250	1700	2.5	2.41	3300
169	106	20.3	3.1	14	1250	1700	2.71	2.327	4600
170	114	24.1	0.58	15	1240	1690	2.58	2.335	1400
171	132	29.2	1.7	14.6	1230	1670	2.69	2.319	5300
173	97	14.7	0.54	13.7	1320	1820	2.69	2.183	3800
174	122	19.9	0.47	14.5	1300	1780	2.64	2.251	4800
175	90	12.4	0.86	13.5	1340	1850	2.6	2.036	700
176	107	21.4	1.7	14.5	1250	1700	2.33	2.246	1800
177	138	27.5	2.7	15	1250	1710	2.38	2.304	2300
178	89	11.4	0.16	13.7	1360	1880	2.36	2.21	1800
179	117	23.2	0.43	14.9	1250	1700	2.67	2.328	2700
181	100	13.1	0.22	14	1350	1860	2.78	2.022	3800
182	100	18.7	0.28	14.1	1260	1720	2.88	2.344	2400
183	126	32.1	1.9	15	1200	1610	2.43	2.302	7500
184	109	12	0.21	14.6	1400	1940	2.8	2.163	2800
185	114	25.5	1.1	15.2	1230	1670	2.08	2.423	3500
186	124	23.5	0.98	15.7	1260	1720	2.36	2.404	6000
187	96	13.2	0.53	13.4	1340	1850	2.71	2.082	3000
188	100	17.5	0.56	13.8	1290	1760	2.2	2.175	5300
189	106	21.8	1.7	13.1	1250	1700	2.8	2.171	6900
190	112	23.1	1.1	15.1	1250	1700	2.7	2.411	5900
191	108	24.6	0.85	14.4	1220	1650	2.54	2.391	4600
192	114	28.1	1.3	14.6	1210	1620	2.69	2.334	4900
193	105	13.6	2.7	14.1	1360	1860	2.6	2.162	3900
195	115	18.9	0.79	14.9	1300	1780	2.17	2.397	6500
196	104	18.4	0.86	14.7	1280	1740	2.18	2.335	3100
197	129	27.4	0.69	15.3	1250	1690	2.36	2.368	4400
198	140	29.7	1.5	16.5	1250	1680	2.21	2.4	6700
199	90	17.6	27	12.8	1250	1700	2.6	2.36	3500
200	110	21.9	0.65	14.2	1250	1710	2.45	2.27	2200
201	130	29.1	2.4	14.4	1230	1660	2.73	2.49	6000
202	109	19.5	5.2	14.3	1280	1730	2.5	2.359	4800
203	115	23.8	0.93	14.8	1250	1690	2.25	2.25	4100
204	132	31.9	1.9	14.7	1210	1640	2.4	2.255	6100
205	96	9.1	0.27	13.8	1440	1990	2.45	2.18	2200
207	134	19.5	0.55	15	1320	1820	2.36	2.286	4600
208	78	8.3	0.45	12.8	1410	1960	2.22	2.134	2300
209	117	23	16	15.1	1250	1700	2.46	2.281	5500
210	128	23.5	17	15	1270	1730	2.36	2.252	7800
211	113	16.7	15	14.6	1350	1890	2.5	2.368	4000
212	101	19.3	0.84	14.4	1260	1720	3.13	2.298	3300
214	101	11.9	0.2	14.2	1380	1910	2.38	2.391	1900
215	108	19.7	0.78	14.4	1270	1720	2.64	2.216	3800
216	120	18.6	15	14.3	1320	1790	3.11	2.164	4700
217	108	19.1	0.53	14.5	1280	1740	3.23	2.12	2600
218	104	16.5	0.35	14.7	1300	1790	2.89	2.258	2600
219	156	34.8	0.9	16.1	1230	1660	2.33	2.379	7900
221	100	14.8	0.5	14.7	1320	1810	2.6	2.093	2100
222	128	33.1	1.4	15.6	1200	1600	2.9	2.401	4500
223	94	13.2	0.18	14.1	1340	1830	3.29	2.348	2100
224	93	8.7	0.19	14	1440	2000	3	2.041	1200
225	129	23.5	1.1	15.3	1270	1720	3.1	2.282	3600
226	130	14.5	9.6	15.5	1390	1930	2.58	2.14	6700
227	101	17.2	1.7	13.6	1280	1750	2.83	2.234	1400
228	135	17.1	0.92	15.6	1360	1870	3	2.147	3600
230	105	11.2	0.46	14.3	1410	1920	2.5	2.231	3200
231	121	13.2	1.2	15.2	1400	1940	2.73	2.118	4800
232	110	10.7	7.9	14.4	1430	1990	2.7	1.961	2700
233	109	12.5	2.6	14.5	1380	1920	2.46	2.015	5300
235	114	11	2.4	14.8	1440	2000	2.8	1.945	1600
238	104	14.4	0.61	14.5	1340	1840	2.6	2.093	4000
239	102	13.1	0.55	14.5	1360	1870	2.82	2.045	2000
240	161	21.9	2.2	15.7	1350	1870	2.69	2.23	7600
241	115	14.9	0.62	15.2	1350	1870	2.6	2.198	2400
242	101	11.4	0.58	14.8	1390	1930	2.09	2.269	3800
243	146	24.7	4.5	15.5	1290	1750	2.54	2.421	3800
244	120	21.4	1.4	15.2	1270	1740	2.63	2.204	5000
245	118	22	1.7	15.2	1260	1730	2.67	2.098	4000
246	143	31.6	5.5	15.8	1230	1670	2.36	2.275	6000
247	120	18.9	1.3	15.4	1310	1800	2.08	2.458	4500
248	119	13.9	2.2	15.2	1380	1920	2.54	2.154	4900
249	134	23	2.5	15.7	1280	1760	2.76	2.378	2400
251	109	23.2	11	14.9	1310	1800	2.47	2.264	3900
252	110	14.5	0.45	16.9	1350	1850	3.2	2.149	2600
254	141	18.6	1.5	15.5	1350	1850	2.21	2.397	4600
255	122	18.9	0.72	14.7	1400	1930	2.81	2.12	3200
256	118	16.4	0.94	15.1	1340	1830	3	2.166	6500
257	91	11.6	0.36	13.6	1360	1880	2.27	2.389	3700
258	107	16.1	0.67	13.7	1320	1800	2.3	2.243	7300
261	104	14.3	1.2	14.3	1340	1840	2.36	2.339	4400
262	96	15.6	30	13.7	1300	1760	2.7	2.235	3100
263	113	19.1	26	14.2	1290	1760	2.63	2.273	5500
264	100	17.5	23	13.9	1280	1740	2.9	2.123	4100
265	120	16.1	26	15.1	1350	1850	2.72	2.34	2900
266	119	19.5	20	14.4	1300	1760	2.42	2.096	3800
267	127	22.9	1.4	14.8	1270	1730	2.07	2.254	8000
269	135	19.8	35	15.1	1330	1820	2.2	2.296	5600
270	102	12.6	48	14.1	1370	1890	3.16	2.443	3300
271	121	18.2	0.93	15.2	1320	1800	2.81	2.404	4200
273	113	17.8	46	14.8	1310	1780	2.46	2.094	5600
275	100	17.5	1.1	13.9	1280	1730	2.72	2.251	5600
276	107	14.1	0.9	14.3	1350	1850	2.63	2.377	6400
277	109	23.2	2.8	13.8	1240	1680	2.46	2.289	8400
278	96	13.6	65	13.6	1330	1820	2.8	2.545	2800
279	106	17.5	15	14.4	1290	1750	3	2.478	2900
280	95	15.7	26	13.8	1290	1750	2.63	2.087	4500
281	91	10.4	0.36	13.7	1390	1920	2.2	2.086	2800
284	109	13.2	0.46	14.5	1370	1880	2.4	2.645	5200
286	109	13.9	29	14.3	1360	1890	2.54	2.054	5900
287	108	16.1	42	14.6	1320	1820	2.33	2.584	3100
288	117	21	46	15.1	1270	1750	2.33	2.495	7100
289	102	15.3	1.2	14.2	1320	1810	2.18	2.586	4200
291	139	27.1	2.7	15.5	1250	1710	2.77	2.2	6100
292	117	14.3	20	15	1370	1920	2.5	2.19	6800
293	130	22.9	35	15.3	1280	1740	2.81	2.364	7600
295	94	12.3	19	13.2	1350	1860	2.36	2.092	2000
296	107	16.4	0.56	14.4	1310	1800	2.55	2.145	5200
297	112	15.3	44	14.9	1340	1840	2.72	2.055	3400
298	109	12.5	1.4	13.9	1380	1910	2.88	2.05	7500
299	115	14.5	0.81	14.9	1360	1880	2.08	2.144	4800
301	108	17.9	2.2	14.6	1300	1770	2.33	2.186	4200
303	136	25.6	4.1	16.4	1260	1720	2.91	2.51	5200
304	88	13.1	34	12.9	1320	1800	2.6	2.283	3600
306	107	16	34	14.5	1320	1810	2.71	2.297	4400
307	134	24.7	21	15.4	1260	1730	2.38	2.362	6300
309	150	32.5	39	16.2	1240	1670	2.23	2.391	8200
311	94	16.5	0.59	13.6	1280	1750	2.27	2.252	4500
312	99	17.8	42	14.1	1270	1720	2.54	2.464	2600
313	89	13.7	22	13.4	1320	1800	2.58	2.174	2800
314	91	16.7	40	13.5	1270	1730	2.09	2.354	4000
315	124	23.7	3.6	14.9	1260	1720	2.06	2.361	4700
316	107	20.7	2.1	13.5	1250	1700	2.72	2.187	5300
317	100	19.2	0.57	14	1260	1710	2.44	2.294	5500
318	120	17.6	2	14.8	1320	1800	2.33	2.142	6500
320	105	17.7	1.8	14.2	1300	1760	2.16	2.217	3400
321	137	22.6	46	15.2	1300	1720	2.18	2.287	8000
322	101	16.4	1.7	14.1	1290	1750	2.88	2.257	3200
323	92	10.7	0.64	13.3	1380	1890	2.87	2.351	2000
324	101	11.6	0.51	13.9	1380	1880	2.4	2.16	4600
325	115	25.1	2.3	14.3	1230	1660	2.46	2.261	6500
326	88	11.9	1.8	13.2	1240	1830	2.3	2.166	1300
327	104	15.2	2	14.1	1330	1800	2.16	2.217	4900
328	118	14.5	0.88	15.5	1370	1870	2.54	2.199	2600
329	102	19.2	1.3	14.1	1260	1720	3.37	2.302	3200
330	133	18.5	0.79	15.2	1340	1830	2.4	2.232	3200
331	111	12.8	0.44	14.7	1380	1920	2.66	2.226	1200
332	97	13.6	0.51	13.9	1340	1820	2.9	2.307	1800
333	123	18.6	0.93	15.4	1320	1800	2.4	2.379	2100
335	77	8.6	0.31	12.5	1390	1910	2.44	2.254	600
336	103	12	0.37	14.3	1380	1880	2.37	2.699	2200
337	107	17.2	1.5	14.2	1300	1860	2.11	2.329	4700
339	113	22.4	2.9	14.8	1250	1680	2.1	2.115	5400
342	111	13.3	0.48	14.2	1380	1900	2.25	2.393	2600
345	116	13.5	0.92	14.1	1380	1900	2.6	2.217	3900
347	91	13.4	110	13.1	1330	1800	2.57	2.33	1500
351	111	11.4	75	14	1420	1940	2.71	2.255	4700
352	118	17.9	1.2	14.7	1320	1790	2.5	2.175	4000
353	111	23.5	6.1	13.9	1240	1680	2.54	2.328	2700
354	135	17.1	3.1	15.2	1360	1900	2.5	2.296	5400
355	126	23.1	2	15.1	1260	1720	2.25	2.153	7000
356	129	29.6	4.1	15.7	1220	1650	2.25	2.259	3000
357	132	25.5	51	15.8	1260	1710	2.14	2.591	2100
358	88	11.1	1.1	13.5	1360	1870	2.18	2.158	6700
359	97	16.1	1.3	14	1290	1750	2	2.397	8800
360	105	19.6	1.2	14.3	1260	1710	2	2.144	8600
364	126	27.5	3.2	14.4	1230	1660	2.46	2.41	8300
365	119	17.5	1.2	14.2	1320	1800	2.54	2.293	7200
367	106	23.1	57	14.2	1250	1700	2.55	2.542	3100
368	126	27.8	1.2	15.3	1230	2650	2.58	2.234	2000
369	123	23.2	2.6	14.3	1260	1710	2.3	2.247	3300
370	92	10.5	0.18	13.7	1380	1890	2.41	2.07	1600
371	95	16.1	0.25	13.5	1280	1740	2.4	2.224	1800
372	113	20.1	0.36	13.8	1270	1720	2.46	2.166	4800
373	111	17.1	0.27	14.3	1310	1770	2.55	2.427	3700
374	100	16.2	0.22	13.8	1300	1750	3	2.157	2600
375	123	23.2	0.87	15.2	1260	1700	2.45	2.543	4800
376	124	16.1	0.88	14.8	1350	1850	2.91	2.049	2900
377	104	21.1	1.8	14.1	1250	1670	2.55	2.545	3700
378	120	24.9	5.8	15	1240	1670	2.7	2.443	5800
379	123	18.3	2.3	15.2	1320	1790	2.17	2.33	5200
380	106	19.7	1.5	14.3	1260	1700	2.82	2.296	4300
381	119	19	1.6	14.6	1300	1760	2.09	2.556	4500
382	106	21.9	1.8	13.9	1240	1670	2.25	2.228	7000
383	93	14	0.73	12.7	1320	1780	2.67	2.306	3000
384	121	22.3	1.8	14.3	1270	1720	2.15	2.291	5100
385	103	16.7	0.71	14	1300	1760	2.38	2.216	3600
386	98	12.5	0.76	12.9	1360	1740	2.07	2.251	5200
387	130	18.8	2.1	14.9	1330	1800	2.13	2.273	5600
389	110	18.5	0.8	14.4	1290	1750	2.44	2.323	4100
390	133	23.7	30	15.7	1270	1730	2.13	2.14	4100
392	110	15.7	0.85	13.6	1330	1810	2.33	2.244	7200
394	126	15.2	1.1	14.5	1370	1860	2.17	2.005	8100
395	109	20.2	0.69	14.1	1260	1710	3	2.252	3600
398	104	15.5	0.26	13.9	1320	1780	2.7	2.332	3100
399	111	19	0.75	14.4	1280	1730	2.25	2.281	4300
400	98	16.1	1	12.8	1300	1750	2.08	2.387	6100
401	88	11.5	0.33	12.6	1350	1840	2.42	2.177	2400
402	114	18	1.2	13.9	1300	1790	2.5	2.176	7800
405	102	17.1	5.9	13.4	1300	1750	2.31	2.199	5100
407	107	14.4	0.46	14	1350	1840	2.63	1.957	2500
408	109	17.4	2.5	13.6	1300	1770	2.46	2.243	4700
409	110	12.7	0.9	13.3	1390	1910	3.08	2.144	7300
411	110	19.7	1.3	13	1270	1730	2.7	2.137	5500
412	128	30.2	4.7	14.1	1220	1630	2.6	2.198	8100
413	108	19.8	0.99	13	1270	1720	2.91	2.297	3700
414	98	18.9	0.51	12.7	1250	1690	2.88	2.088	3500
415	135	31.8	4.5	14.2	1220	1630	2.11	2.411	9700
416	130	29.5	1.6	14.5	1220	1640	2.64	2.369	8500
418	113	19.7	1	13.6	1280	1740	2.63	2.146	6300
419	106	17.4	1.1	13	1290	1760	2.89	2.292	5300
420	97	12.5	0.53	13.3	1360	1870	2.63	2.064	1200
423	97	13.6	1	13.1	1340	1840	2.5	2.47	1400
426	103	19	0.61	13.2	1260	1720	2.88	2.227	2500
429	102	23.7	27	12.9	1210	1650	3	2.224	2000
432	108	21.9	1.4	13.2	1250	1680	2.73	2.329	5000
433	90	11.1	0.23	12.5	1370	1870	2.63	2.491	2000
435	107	19.7	1	13.5	1260	1720	2.8	2.207	2800
436	108	18.1	29	13.5	1290	1750	2.33	2.323	5700
438	94	14.2	0.71	12.7	1320	1800	3	2.276	2600
441	110	19.3	28	13.3	1280	1750	2.55	2.293	4300
442	107	18.6	0.99	12.9	1270	1740	2.25	2.185	5000
444	108	21.2	1.4	13.6	1250	1690	3.25	2.623	7600
446	98	20.8	1.1	13.5	1240	1680	2.36	2.325	2100
447	121	13.1	2.5	14.5	1410	1960	2.24	2.313	7500
448	112	20.4	1	14.1	1260	1720	2.73	2.124	3200
449	96	18.3	0.67	12.5	1250	1710	3.11	2.282	3700
450	116	25	2.4	14.5	1240	1660	2.5	2.262	3900
451	108	19.5	1.6	14	1270	1730	3.1	2.327	5500
453	100	19.4	0.6	13.5	1250	1700	2.67	2.199	1400
454	109	18.5	1.1	14.3	1280	1750	2.6	2.218	2300
456	102	20.5	1.4	13.7	1250	1690	2.8	2.223	2600
457	105	21.7	0.85	14.3	1240	1680	2.7	2.208	2000
459	115	22.5	2	15.1	1250	1710	3.11	2.383	1600
460	118	23	1.6	15	1250	1700	2.75	2.367	4400
461	114	35.2	2.7	14.7	1160	1550	2.7	2.537	3700
462	102	21	1.6	14.2	1240	1680	2.91	2.285	1700
463	118	18.9	0.81	15	1300	1780	2.27	2.346	5100
464	111	26.1	1.8	14.7	1220	1640	2.91	2.4	3000
465	113	16.5	2.1	14.1	1320	1810	3.18	2.356	5200
467	107	16.9	1.4	23.9	1310	1800	3	2.408	5800
469	107	25.6	1.4	13.4	1210	1640	3.4	2.386	3500
470	106	21.6	0.56	13.9	1250	1690	2.31	2.327	2900
472	88	17.6	26	13.2	1250	1700	2.63	2.191	1600
473	118	32.1	2.3	15.1	1180	1600	3.38	2.275	5100
474	106	23.7	2.2	14	1230	1650	3.22	2.28	4600
475	99	21.2	39	13.5	1240	1680	3.33	2.184	2800
476	110	29.1	2	14.5	1190	1610	3.13	2.291	4200
477	116	25.6	0.87	14.6	1230	1660	3	2.35	3900
479	124	14.5	1.1	14.2	1380	1930	2.39	2.204	8300
480	125	26.1	1.2	15.6	1240	1690	2.7	2.387	5100
481	100	20.3	0.8	13.5	1250	1700	3.38	2.313	2400
482	113	20.3	1.3	13.9	1270	1720	2.9	2.188	7300
485	86	15	0.51	12.8	1280	1750	3.25	2.572	2100
486	100	20.1	0.92	13.5	1250	1700	3.45	2.603	4400
487	76	7.6	0.3	12.5	1430	2000	2.8	2.107	4200
488	95	14.7	0.51	13.2	1320	1800	3.57	2.303	4700
489	150	39.5	5.3	15.9	1190	1610	2.92	2.307	9400
490	90	17.2	1.7	13.2	1250	1740	3.14	2.151	1800
491	98	22.9	3.2	13	1220	1650	2.55	2.494	4000
492	90	15.5	1	12.6	1280	1740	3	2.503	2500
493	112	26.4	2.1	14.2	1220	1650	3	2.335	3600
494	117	27.2	3.5	14.9	1220	1650	2.89	2.206	2400
495	114	27.5	2.8	14.7	1210	1650	3.22	2.345	3200
496	96	15.4	0.67	13.8	1300	1780	2.67	2.246	3300
497	113	23	1.4	14.4	1250	1690	2.45	2.45	5600
498	108	18.7	0.73	14.4	1280	1750	2.5	2.364	3600
499	101	19.5	0.94	13.8	1250	1720	2.78	2.214	5100
500	110	23.6	0.98	13.9	1230	1680	2.89	2.218	3800
501	108	16	0.8	13.7	1320	1820	2.55	2.346	4900
502	98	15	0.32	13.5	1310	1800	2.7	2.224	1700
503	98	14.6	8	13.7	1320	1820	2.75	2.239	4200
505	101	13.6	9.7	13.2	1350	1850	2.89	2.24	2700
507	97	14.8	1.9	13.2	1320	1800	3	2.287	5300
508	105	13.9	0.8	13.3	1350	1860	2.58	2.488	3100
509	104	18.7	0.98	13.7	1270	1740	2.44	2.532	2100
510	104	16.7	2.5	13	1300	1780	2.89	2.56	2900
511	117	28.6	4.2	14.2	1210	1640	3	2.512	2800
512	132	39.7	6.6	14.3	1160	1560	3.27	2.397	5900
513	117	30.3	2.3	13.9	1190	1620	3.38	2.553	1500
514	100	15.9	1.5	13.3	1310	1790	3.43	2.207	4200
515	123	30.8	3.1	14.1	1200	1620	2.22	2.411	5600
517	105	22.9	1.9	13.7	1230	1670	3.11	2.164	2400
519	105	18.6	2.3	13.5	1280	1750	2.91	2.134	1200
521	113	27.2	3.2	13.8	1220	1630	2.64	2.299	4300
522	102	22.1	1.7	13.6	1230	1680	2.9	2.248	1500
523	107	24.8	2.7	13.7	1220	1650	3.11	2.403	2400
524	108	24.4	2.5	13.7	1220	1660	3.11	2.267	2300
526	88	14.2	3.2	12.5	1300	1780	3	2.276	1700
527	105	15.1	1.5	13.5	1330	1820	2.9	2.268	4700
528	101	14.4	1.7	13.6	1330	1840	2.73	2.142	3600
529	94	14.9	8.9	12.8	1300	1780	3.1	2.302	4000
530	102	19.5	0.73	13.7	1260	1720	3.2	2.487	2200
531	108	17.8	9	14	1290	1770	3.09	2.27	2300
532	98	9.6	2.2	12.7	1430	1990	2.73	2.272	1000
533	114	14.9	3.7	14.4	1350	1860	2.67	2.227	3400
534	114	14.7	3.7	14	1360	1870	2.64	2.448	4300
535	114	15.4	29	14.2	1350	1780	2.06	2.249	2100
536	114	15.8	32	13.9	1340	1830	2.77	2.457	4100
537	109	14	1.7	13.6	1360	1870	2.88	2.104	6500
539	123	28.6	4	14.3	1220	1650	3	2.212	8800
541	97	13.7	1.7	13.2	1330	1820	2.33	2.329	4200
542	105	16.9	1.4	13.8	1300	1780	2.42	2.216	5700
543	105	15.3	2.6	13.3	1320	1820	2.2	2.563	6000
544	95	15.2	1.1	13.6	1300	1780	3	2.211	2600
548	108	21.6	3.4	13.5	1210	1640	2.89	2.177	3200
549	100	18.6	1.3	13.8	1250	1700	2.21	2.321	6600
550	105	24	0.72	13.9	1260	1720	3.3	2.046	2400
551	108	19.8	2.5	13.2	1220	1650	3.25	2.338	1800
552	98	23.6	1.4	13.2	1270	1730	2.89	2.06	3300
553	116	16.9	0.72	14.5	1210	1640	2.58	2.485	2100
554	105	22.6	0.55	13.7	1330	1820	2.36	2.106	3300
556	115	21.1	2	14.4	1260	1730	2.64	2.195	3100
557	159	38.2	3.6	16.9	1210	1640	2.9	2.304	5200
558	103	14.2	0.99	13.8	1340	1860	3.33	2.252	2200
559	103	21.3	2.6	13	1240	1680	3.33	2.2	3000
560	114	23.4	2.4	14.1	1240	1690	2.53	2.416	2400
561	96	11.1	28	13.5	1390	1950	2.13	2.56	2800
562	95	19.6	2.2	13.1	1250	1700	2.91	2.201	2700
563	93	15.3	1.7	13	1290	1770	2.79	2.352	3900
564	102	20	44	13.7	1250	1710	2.75	2.255	4900
565	102	17.9	5.6	13.4	1280	1750	2.5	2.462	5200
566	100	12	2.6	13.9	1370	1900	3	2.02	3400
569	106	27.9	1.3	14.3	1180	1610	2.57	2.548	3500
570	106	28	1.2	13.6	1190	1610	2.9	2.293	3400
571	113	26.9	1.4	14.5	1210	1640	2.5	2.604	4700
572	114	18.7	1.9	14.4	1290	1770	2.75	2.061	4600
574	88	16.9	1.1	12.5	1250	1710	2.85	2.381	1800
575	100	19.8	2.1	13.4	1250	1710	2.11	2.344	3300
576	96	17.8	1.4	13.2	1260	1720	2.87	2.212	2900
577	131	27.4	5	15.9	1240	1690	2.93	2.232	4400
578	100	17.5	1.7	12.9	1280	1750	2.73	2.219	3800
579	111	23.2	1.3	14.2	1250	1700	2.83	2.243	2700
580	111	22.7	3.8	13.8	1250	1690	2.62	2.228	7200
581	131	32.3	8.2	14.7	1200	1630	2.25	2.319	9100
584	115	16.9	1.3	14.1	1320	1820	2.5	2.139	3700
585	115	23.4	2.3	14.1	1250	1700	2.42	2.424	6700
586	112	23.9	8.9	14.4	1230	1680	3.18	2.296	4400
587	116	23.6	5.8	13.2	1250	1700	2.64	2.377	6800
589	109	18.9	4	13.5	1280	1750	2.56	2.34	6600
590	100	26.3	2.2	13.8	1200	1610	2.9	2.323	2100
591	103	20.4	0.59	13.6	1250	1700	2.67	2.218	1600
592	119	30.7	1.3	14.9	1200	1610	2.5	2.21	3200
593	119	40.3	3.1	14.7	1150	1520	2.56	2.558	2600
594	111	35.7	4.5	14.3	1150	1530	3.25	2.357	1700
595	94.6	11.1	0.35	12.7	1380	1930	2.18	2	6100
599	140	25.2	82.6	15.9	1280	1710	2.09	2.11	8500
601	132	23.6	84.5	15.9	1270	1720	2.13	2.04	3500
602	121	33.6	83.2	15.2	1180	1580	2.23	2.19	6700
603	115	32.9	79.2	15.4	1180	1580	2.23	2.1	2100
604	150	30.6	110	16.8	1250	1690	2	2.1	9800
605	164	41.9	84.2	16.7	1200	1620	2	2.07	5200
606	124	49.7	80.9	16.4	1110	1490	2.62	2.1	1900
608	107	25.7	31.2	14.7	1220	1640	2	1.98	9800
610	123	33.3	29.8	15.6	1180	1600	2.2	2.14	2300
33	149	36.8	13	15.2	0	99999	2.38	2.878	8300
31	132	31.1	5.3	15	0	99999	2.31	2.778	6500
